1003
1011
1012
1026
1032
1037
1074
1149
1166
1260
1269
1337
1343
1389
1456
1463
1541
1620
1654
1697
1735
1764
1874
1904
1912
1927
1931
1932
1966
2083
2108
2156
2178
2346
2447
2485
2579
2606
2630
2667
2805
2890
3097
4134
4779
4948
4949
5217
5393
5426
5430
5525
5637
5671
5675
6500
7569
7576
7662
7785
9019
9095
9184
9243
9372
9375
9461
10026
10867
10981
11023
11047
11070
11279
11286
11399
11403
11478
11576
11659
11724
11726
11729
12789
13171
13416
13913
14425
14500
14501
14614
14915
14940
15439
15649
16488
16928
17091
17103
17202
17211
17219
17626
18111
18221
18258
19572
20920
21736
24060
24511
24723
25192
25495
25595
26069
27159
27891
28278
28279
28323
29332
29732
30007
30457
30676
30804
30890
30999
31215
31832
32141
32172
32216
32935
33674
33675
33883
33884
33990
34009
34760
15650
